"7ffa32cc467eadf7a6b1c28400fadc5b"
"644187edc80741fc27bdfbe6dff2bd0d"
(preamble 0 1 43 1 43)
(0 0 1 43 35 42)
(brace 6 1 35 1 35)
(brace 9 41 43 42 43)
(brace 8 54 56 55 56)
(brace 9 65 67 66 67)
(brace 8 66 68 67 68)
(brace 9 74 76 75 76)
(brace 8 86 88 87 88)
(brace 9 98 100 99 100)
(brace 8 99 101 100 101)
(brace 9 106 108 107 108)
(brace 8 118 120 119 120)
(brace 9 133 135 134 135)
(brace 8 134 136 135 136)
(brace 9 141 143 142 143)
(brace 8 153 155 154 155)
(brace 9 169 171 170 171)
(brace 8 170 172 171 172)
(brace 9 177 179 178 179)
(brace 8 189 191 190 191)
(brace 9 200 202 201 202)
(brace 8 201 203 202 203)
(brace 9 208 210 209 210)
(brace 8 223 225 224 225)
(brace 9 235 237 236 237)
(brace 8 236 238 237 238)
(brace 9 243 245 244 245)
(1 0 246 266 258 265)
(brace 0 246 258 246 258)
(brace 9 264 266 265 266)
(1 0 267 288 279 287)
(brace 0 267 279 267 279)
(brace 9 286 288 287 288)
(1 0 289 309 301 308)
(brace 0 289 301 289 301)
(brace 9 307 309 308 309)
(1 0 310 337 332 336)
(brace 8 330 332 331 332)
(brace 9 335 337 336 337)
(1 0 338 358 350 357)
(brace 0 338 350 338 350)
(brace 9 356 358 357 358)
(1 0 359 380 371 379)
(brace 0 359 371 359 371)
(brace 9 378 380 379 380)
(1 0 381 402 393 401)
(brace 0 381 393 381 393)
(brace 9 400 402 401 402)
(1 0 404 450 416 449)
(brace 0 404 416 404 416)
(brace 9 448 450 449 450)
(comment 0 451 452 451 452)
(brace 8 480 482 481 482)
(brace 9 519 521 520 521)
(1 0 523 543 536 542)
(brace 0 523 536 524 536)
(comment 0 523 524 523 524)
(brace 9 541 543 542 543)
(comment 0 544 545 544 545)
(comment 0 545 546 545 546)
(comment 0 601 602 601 602)
(comment 0 602 603 602 603)
(comment 0 658 659 658 659)
(comment 0 659 660 659 660)
(comment 0 694 695 694 695)
(brace 8 710 712 711 712)
(brace 9 711 713 712 713)
(preamble 1 715 731 715 731)
(environment 2 715 731 715 731)
(brace 3 715 722 715 722)
(brace 9 729 731 730 731)
(newcommand 0 733 751 745 750)
(brace 8 743 745 744 745)
(brace 9 749 751 750 751)
(brace 8 753 755 754 755)
(brace 9 754 756 755 756)
(newcommand 0 757 779 769 778)
(brace 8 767 769 768 769)
(brace 9 777 779 778 779)
(brace 8 781 783 782 783)
(brace 9 782 784 783 784)
(newcommand 0 785 805 797 804)
(brace 8 795 797 796 797)
(brace 9 803 805 804 805)
(brace 8 807 809 808 809)
(brace 9 808 810 809 810)
(newcommand 0 811 839 823 838)
(brace 8 821 823 822 823)
(brace 9 837 839 838 839)
(brace 8 841 843 842 843)
(brace 9 842 844 843 844)
(newcommand 0 845 862 857 861)
(brace 8 855 857 856 857)
(brace 9 860 862 861 862)
(brace 8 864 866 865 866)
(brace 9 871 873 872 873)
(newcommand 0 874 890 886 889)
(brace 8 884 886 885 886)
(brace 9 888 890 889 890)
(brace 8 892 894 893 894)
(brace 8 893 895 894 895)
(brace 9 900 902 901 902)
(brace 9 901 903 902 903)
(newtheorem 0 904 927 916 926)
(brace 8 914 916 915 916)
(brace 9 925 927 926 927)
(brace 8 926 928 927 928)
(brace 9 937 939 938 939)
(newcommand 0 940 965 952 964)
(brace 8 950 952 951 952)
(brace 9 963 965 964 965)
(brace 8 964 966 965 966)
(brace 9 969 971 970 971)
(brace 8 978 980 979 980)
(brace 9 996 998 997 998)
(newcommand 0 999 1018 1011 1017)
(brace 8 1009 1011 1010 1011)
(brace 9 1016 1018 1017 1018)
(brace 8 1019 1020 1019 1020)
(brace 8 1032 1034 1033 1034)
(brace 9 1034 1036 1035 1036)
(brace 8 1035 1037 1036 1037)
(brace 9 1041 1043 1042 1043)
(brace 9 1044 1045 1044 1045)
(newcommand 0 1047 1063 1059 1062)
(brace 8 1057 1059 1058 1059)
(brace 9 1061 1063 1062 1063)
(brace 8 1066 1068 1067 1068)
(environment 2 1070 1084 1070 1084)
(brace 3 1070 1078 1071 1078)
(brace 9 1082 1084 1083 1084)
(environment 3 1093 1105 1093 1105)
(brace 4 1093 1099 1094 1099)
(brace 9 1103 1105 1104 1105)
(brace 9 1104 1106 1105 1106)
(newcommand 0 1108 1125 1120 1124)
(brace 8 1118 1120 1119 1120)
(brace 9 1123 1125 1124 1125)
(brace 8 1124 1126 1125 1126)
(brace 8 1126 1128 1127 1128)
(brace 9 1134 1136 1135 1136)
(brace 9 1148 1150 1149 1150)
(newcommand 0 1152 1168 1164 1167)
(brace 8 1162 1164 1163 1164)
(brace 9 1166 1168 1167 1168)
(brace 8 1171 1173 1172 1173)
(brace 8 1183 1185 1184 1185)
(brace 9 1186 1188 1187 1188)
(brace 9 1187 1189 1188 1189)
(newcommand 0 1191 1207 1203 1206)
(brace 8 1201 1203 1202 1203)
(brace 9 1205 1207 1206 1207)
(brace 8 1210 1212 1211 1212)
(environment 2 1214 1230 1214 1230)
(brace 3 1214 1222 1215 1222)
(brace 9 1228 1230 1229 1230)
(environment 3 1239 1253 1239 1253)
(brace 4 1239 1245 1240 1245)
(brace 9 1251 1253 1252 1253)
(brace 9 1254 1255 1254 1255)
(newcommand 0 1257 1273 1269 1272)
(brace 8 1267 1269 1268 1269)
(brace 9 1271 1273 1272 1273)
(brace 8 1276 1278 1277 1278)
(environment 2 1280 1298 1280 1298)
(brace 3 1280 1288 1281 1288)
(brace 9 1296 1298 1297 1298)
(environment 3 1307 1323 1307 1323)
(brace 4 1307 1313 1308 1313)
(brace 9 1321 1323 1322 1323)
(label 0 1322 1337 1330 1336)
(brace label 1322 1330 1323 1330)
(brace 9 1335 1337 1336 1337)
(brace 9 1338 1339 1338 1339)
(newcommand 0 1340 1357 1352 1356)
(brace 8 1350 1352 1351 1352)
(brace 9 1355 1357 1356 1357)
(brace 8 1360 1362 1361 1362)
(environment 2 1364 1378 1364 1378)
(brace 3 1364 1372 1365 1372)
(brace 9 1376 1378 1377 1378)
(brace 8 1377 1379 1378 1379)
(brace 9 1380 1382 1381 1382)
(environment 3 1391 1403 1391 1403)
(brace 4 1391 1397 1392 1397)
(brace 9 1401 1403 1402 1403)
(brace 9 1404 1405 1404 1405)
(newtheorem 0 1407 1429 1419 1428)
(brace 8 1417 1419 1418 1419)
(brace 9 1427 1429 1428 1429)
(brace 8 1428 1430 1429 1430)
(brace 9 1438 1440 1439 1440)
(newtheorem 0 1441 1465 1453 1464)
(brace 8 1451 1453 1452 1453)
(brace 9 1463 1465 1464 1465)
(brace 8 1464 1466 1465 1466)
(brace 9 1476 1478 1477 1478)
(newtheorem 0 1479 1501 1491 1500)
(brace 8 1489 1491 1490 1491)
(brace 9 1499 1501 1500 1501)
(brace 8 1500 1502 1501 1502)
(brace 9 1510 1512 1511 1512)
(newtheorem 0 1513 1534 1525 1533)
(brace 8 1523 1525 1524 1525)
(brace 9 1532 1534 1533 1534)
(brace 8 1533 1535 1534 1535)
(brace 9 1542 1544 1543 1544)
(newtheorem 0 1545 1563 1557 1562)
(brace 8 1555 1557 1556 1557)
(brace 9 1561 1563 1562 1563)
(brace 8 1562 1564 1563 1564)
(brace 9 1568 1570 1569 1570)
(newtheorem 0 1571 1591 1583 1590)
(brace 8 1581 1583 1582 1583)
(brace 9 1589 1591 1590 1591)
(brace 8 1590 1592 1591 1592)
(brace 9 1598 1600 1599 1600)
(brace 8 1608 1610 1609 1610)
(brace 8 1610 1612 1611 1612)
(inline-math 0 1610 1611 1610 1611)
(brace 9 1621 1623 1622 1623)
(inline-math 0 1623 1624 1623 1624)
(brace 9 1630 1632 1631 1632)
(brace 8 1637 1639 1638 1639)
(brace 9 1644 1646 1645 1646)
(section 0 1688 1717 1697 1716)
(brace 8 1695 1697 1696 1697)
(brace 9 1715 1717 1716 1717)
(environment 2 1787 1804 1787 1804)
(brace 3 1787 1794 1787 1794)
(brace 9 1802 1804 1803 1804)
(brace 8 1863 1865 1864 1865)
(brace 9 1930 1932 1931 1932)
(brace 8 2063 2065 2064 2065)
(brace 9 2126 2128 2127 2128)
(environment 2 2183 2200 2183 2200)
(brace 3 2183 2190 2183 2190)
(brace 9 2198 2200 2199 2200)
(brace 8 2231 2233 2232 2233)
(brace 9 2263 2265 2264 2265)
(brace 8 2296 2298 2297 2298)
(brace 9 2303 2305 2304 2305)
(brace 8 2354 2356 2355 2356)
(brace 9 2414 2416 2415 2416)
(environment 3 2418 2433 2418 2433)
(brace 4 2418 2423 2418 2423)
(brace 9 2431 2433 2432 2433)
(brace 8 2448 2450 2449 2450)
(brace 9 2457 2459 2458 2459)
(brace 8 2476 2478 2477 2478)
(brace 9 2503 2505 2504 2505)
(brace 8 2550 2552 2551 2552)
(brace 9 2556 2558 2557 2558)
(brace 1 2608 2614 2609 2614)
(brace 9 2619 2621 2620 2621)
(brace 1 2625 2631 2626 2631)
(brace 9 2647 2649 2648 2649)
(environment 3 2653 2668 2653 2668)
(brace 4 2653 2658 2653 2658)
(brace 9 2666 2668 2667 2668)
(brace 8 2745 2747 2746 2747)
(brace 9 2749 2751 2750 2751)
(brace 8 2759 2761 2760 2761)
(brace 9 2767 2769 2768 2769)
(brace 8 2877 2879 2878 2879)
(brace 9 2882 2884 2883 2884)
(brace 1 2913 2919 2914 2919)
(brace 9 2938 2940 2939 2940)
(brace 1 2952 2958 2953 2958)
(brace 9 2980 2982 2981 2982)
(environment 2 2997 3011 2997 3011)
(brace 3 2997 3004 2997 3004)
(brace 9 3009 3011 3010 3011)
(brace graphicx 3026 3064 3026 3064)
(brace 9 3078 3080 3079 3080)
(brace 8 3088 3090 3089 3090)
(brace 9 3123 3125 3124 3125)
(label 0 3126 3154 3133 3153)
(brace label 3126 3133 3126 3133)
(brace 9 3152 3154 3153 3154)
(environment 3 3155 3167 3155 3167)
(brace 4 3155 3160 3155 3160)
(brace 9 3165 3167 3166 3167)
(environment 2 3170 3184 3170 3184)
(brace 3 3170 3177 3170 3177)
(brace 9 3182 3184 3183 3184)
(brace graphicx 3199 3237 3199 3237)
(brace 9 3254 3256 3255 3256)
(brace 8 3264 3266 3265 3266)
(brace 9 3302 3304 3303 3304)
(label 0 3305 3336 3312 3335)
(brace label 3305 3312 3305 3312)
(brace 9 3334 3336 3335 3336)
(environment 3 3337 3349 3337 3349)
(brace 4 3337 3342 3337 3342)
(brace 9 3347 3349 3348 3349)
(section 0 3351 3373 3360 3372)
(brace 8 3358 3360 3359 3360)
(brace 9 3371 3373 3372 3373)
(inline-math 0 3438 3439 3438 3439)
(inline-math 0 3442 3443 3442 3443)
(environment 2 3451 3467 3451 3467)
(brace 3 3451 3458 3451 3458)
(brace 9 3465 3467 3466 3467)
(brace 8 3481 3483 3482 3483)
(brace 9 3494 3496 3495 3496)
(environment 3 3547 3561 3547 3561)
(brace 4 3547 3552 3547 3552)
(brace 9 3559 3561 3560 3561)
(brace 8 3619 3621 3620 3621)
(brace 9 3633 3635 3634 3635)
(brace 8 3646 3648 3647 3648)
(brace 9 3662 3664 3663 3664)
(section 0 3667 3693 3679 3692)
(brace 8 3677 3679 3678 3679)
(brace 9 3691 3693 3692 3693)
(brace 8 3735 3737 3736 3737)
(inline-math 0 3735 3736 3735 3736)
(brace 9 3746 3748 3747 3748)
(inline-math 0 3748 3749 3748 3749)
(brace 8 3837 3839 3838 3839)
(brace 9 3871 3873 3872 3873)
(brace 8 3886 3888 3887 3888)
(inline-math 0 3886 3887 3886 3887)
(brace 9 3897 3899 3898 3899)
(inline-math 0 3899 3900 3899 3900)
(inline-math 0 3948 3949 3948 3949)
(inline-math 0 3966 3967 3966 3967)
(inline-math 0 3971 3972 3971 3972)
(inline-math 0 3990 3991 3990 3991)
(inline-math 0 4015 4016 4015 4016)
(inline-math 0 4033 4034 4033 4034)
(inline-math 0 4069 4070 4069 4070)
(inline-math 0 4073 4074 4073 4074)
(brace 8 4094 4096 4095 4096)
(brace 9 4096 4098 4097 4098)
(brace 8 4170 4172 4171 4172)
(brace 9 4172 4174 4173 4174)
(brace 8 4184 4186 4185 4186)
(brace 9 4187 4189 4188 4189)
(brace 8 4234 4236 4235 4236)
(inline-math 0 4265 4266 4265 4266)
(inline-math 0 4267 4268 4267 4268)
(brace 8 4303 4305 4304 4305)
(brace 9 4307 4309 4308 4309)
(inline-math 0 4314 4315 4314 4315)
(inline-math 0 4316 4317 4316 4317)
(inline-math 0 4392 4393 4392 4393)
(inline-math 0 4396 4397 4396 4397)
(inline-math 0 4427 4428 4427 4428)
(inline-math 0 4429 4430 4429 4430)
(brace 8 4465 4467 4466 4467)
(brace 9 4468 4470 4469 4470)
(inline-math 0 4475 4476 4475 4476)
(inline-math 0 4478 4479 4478 4479)
(inline-math 0 4592 4593 4592 4593)
(inline-math 0 4596 4597 4596 4597)
(inline-math 0 4627 4628 4627 4628)
(inline-math 0 4629 4630 4629 4630)
(brace 8 4665 4667 4666 4667)
(brace 9 4673 4675 4674 4675)
(brace 8 4696 4698 4697 4698)
(brace 9 4700 4702 4701 4702)
(brace 8 4712 4714 4713 4714)
(brace 9 4715 4717 4716 4717)
(inline-math 0 4759 4760 4759 4760)
(inline-math 0 4761 4762 4761 4762)
(inline-math 0 4763 4764 4763 4764)
(inline-math 0 4765 4766 4765 4766)
(inline-math 0 4790 4791 4790 4791)
(inline-math 0 4807 4808 4807 4808)
(inline-math 0 4882 4883 4882 4883)
(inline-math 0 4908 4909 4908 4909)
(inline-math 0 4917 4918 4917 4918)
(inline-math 0 4933 4934 4933 4934)
(inline-math 0 4956 4957 4956 4957)
(inline-math 0 4973 4974 4973 4974)
(inline-math 0 4976 4977 4976 4977)
(inline-math 0 4992 4993 4992 4993)
(inline-math 0 5040 5041 5040 5041)
(inline-math 0 5057 5058 5057 5058)
(inline-math 0 5075 5076 5075 5076)
(inline-math 0 5092 5093 5092 5093)
(inline-math 0 5121 5122 5121 5122)
(inline-math 0 5125 5126 5125 5126)
(inline-math 0 5144 5145 5144 5145)
(inline-math 0 5148 5149 5148 5149)
(brace 8 5160 5162 5161 5162)
(brace 9 5164 5166 5165 5166)
(brace 9 5169 5170 5169 5170)
(brace 8 5180 5182 5181 5182)
(inline-math 0 5180 5181 5180 5181)
(brace 9 5191 5193 5192 5193)
(inline-math 0 5193 5194 5193 5194)
(brace 8 5284 5286 5285 5286)
(brace 9 5295 5297 5296 5297)
(brace 8 5360 5362 5361 5362)
(brace 9 5370 5372 5371 5372)
(environment 2 5401 5417 5401 5417)
(brace 3 5401 5408 5401 5408)
(brace 9 5415 5417 5416 5417)
(inline-math 0 5436 5437 5436 5437)
(environment 3 5708 5722 5708 5722)
(brace 4 5708 5713 5708 5713)
(brace 9 5720 5722 5721 5722)
(brace 8 5760 5762 5761 5762)
(brace 9 5776 5778 5777 5778)
(brace 8 5788 5790 5789 5790)
(brace 9 5792 5794 5793 5794)
(brace 8 5819 5821 5820 5821)
(brace 9 5832 5834 5833 5834)
(inline-math 0 5869 5870 5869 5870)
(inline-math 0 5873 5874 5873 5874)
(brace 8 5914 5916 5915 5916)
(brace 9 5930 5932 5931 5932)
(brace 8 5942 5944 5943 5944)
(brace 9 5950 5952 5951 5952)
(brace 8 5985 5987 5986 5987)
(brace 9 5998 6000 5999 6000)
(inline-math 0 6047 6048 6047 6048)
(inline-math 0 6051 6052 6051 6052)
(brace 8 6085 6087 6086 6087)
(brace 9 6099 6101 6100 6101)
(brace 8 6111 6113 6112 6113)
(brace 9 6119 6121 6120 6121)
(brace 8 6190 6192 6191 6192)
(brace 9 6201 6203 6202 6203)
(inline-math 0 6233 6234 6233 6234)
(inline-math 0 6237 6238 6237 6238)
(inline-math 0 6320 6321 6320 6321)
(inline-math 0 6324 6325 6324 6325)
(brace 8 6367 6369 6368 6369)
(brace 9 6372 6374 6373 6374)
(section 0 6385 6413 6397 6412)
(brace 8 6395 6397 6396 6397)
(brace 9 6411 6413 6412 6413)
(brace 8 6542 6544 6543 6544)
(brace 9 6579 6581 6580 6581)
(inline-math 0 6600 6601 6600 6601)
(inline-math 0 6604 6605 6604 6605)
(environment 2 6660 6676 6660 6676)
(brace 3 6660 6667 6660 6667)
(brace 9 6674 6676 6675 6676)
(inline-math 0 6695 6696 6695 6696)
(brace 8 6803 6804 6803 6804)
(brace 9 6815 6817 6816 6817)
(environment 3 6819 6833 6819 6833)
(brace 4 6819 6824 6819 6824)
(brace 9 6831 6833 6832 6833)
(section 0 6835 6865 6844 6864)
(brace 8 6842 6844 6843 6844)
(brace 9 6863 6865 6864 6865)
(label 0 6864 6879 6872 6878)
(brace label 6864 6872 6865 6872)
(brace 9 6877 6879 6878 6879)
(brace 8 6960 6962 6961 6962)
(inline-math 0 6960 6961 6960 6961)
(brace 9 6971 6973 6972 6973)
(inline-math 0 6973 6974 6973 6974)
(brace 8 7044 7046 7045 7046)
(brace 9 7052 7054 7053 7054)
(brace 8 7124 7126 7125 7126)
(brace 9 7136 7138 7137 7138)
(environment 2 7253 7268 7253 7268)
(brace 3 7253 7260 7253 7260)
(brace 9 7266 7268 7267 7268)
(brace 8 7282 7284 7283 7284)
(brace 9 7285 7287 7286 7287)
(brace 8 7351 7353 7352 7353)
(brace 9 7357 7359 7358 7359)
(brace 1 7427 7433 7428 7433)
(brace 9 7449 7451 7450 7451)
(brace 8 7465 7467 7466 7467)
(brace 9 7471 7473 7472 7473)
(brace 1 7541 7547 7542 7547)
(brace 9 7563 7565 7564 7565)
(brace 8 7579 7581 7580 7581)
(brace 9 7591 7593 7592 7593)
(brace 8 7668 7670 7669 7670)
(brace 9 7672 7674 7673 7674)
(brace 8 7711 7713 7712 7713)
(brace 9 7715 7717 7716 7717)
(brace 8 7728 7730 7729 7730)
(brace 9 7735 7737 7736 7737)
(brace 8 7752 7754 7753 7754)
(brace 9 7768 7770 7769 7770)
(brace 8 7857 7859 7858 7859)
(brace 9 7882 7884 7883 7884)
(brace 8 7938 7940 7939 7940)
(brace 9 7990 7992 7991 7992)
(brace 8 8048 8050 8049 8050)
(brace 9 8111 8113 8112 8113)
(brace 8 8196 8198 8197 8198)
(brace 9 8233 8235 8234 8235)
(brace 8 8271 8273 8272 8273)
(brace 9 8278 8280 8279 8280)
(brace 8 8364 8366 8365 8366)
(brace 9 8368 8370 8369 8370)
(brace 8 8517 8519 8518 8519)
(brace 9 8529 8531 8530 8531)
(environment 3 8591 8604 8591 8604)
(brace 4 8591 8596 8591 8596)
(brace 9 8602 8604 8603 8604)
(section 0 8607 8635 8616 8634)
(brace 8 8614 8616 8615 8616)
(brace 9 8633 8635 8634 8635)
(section 0 8637 8660 8649 8659)
(brace 8 8647 8649 8648 8649)
(brace 9 8658 8660 8659 8660)
(brace 8 8751 8753 8752 8753)
(inline-math 0 8751 8752 8751 8752)
(brace 9 8762 8764 8763 8764)
(inline-math 0 8764 8765 8764 8765)
(section 0 8798 8820 8811 8819)
(brace 8 8809 8811 8810 8811)
(brace 9 8818 8820 8819 8820)
(environment 2 8938 8954 8938 8954)
(brace 3 8938 8945 8938 8945)
(brace 9 8952 8954 8953 8954)
(environment 3 8968 8982 8968 8982)
(brace 4 8968 8973 8968 8973)
(brace 9 8980 8982 8981 8982)
(section 0 9014 9035 9027 9034)
(brace 8 9025 9027 9026 9027)
(brace 9 9033 9035 9034 9035)
(environment 2 9108 9124 9108 9124)
(brace 3 9108 9115 9108 9115)
(brace 9 9122 9124 9123 9124)
(environment 3 9165 9179 9165 9179)
(brace 4 9165 9170 9165 9170)
(brace 9 9177 9179 9178 9179)
(inline-math 0 9196 9197 9196 9197)
(inline-math 0 9209 9210 9209 9210)
(inline-math 0 9308 9309 9308 9309)
(inline-math 0 9322 9323 9322 9323)
(section 0 9406 9435 9418 9434)
(brace 8 9416 9418 9417 9418)
(brace 9 9433 9435 9434 9435)
(label 0 9434 9445 9442 9444)
(brace label 9434 9442 9435 9442)
(brace 9 9443 9445 9444 9445)
(inline-math 0 9482 9483 9482 9483)
(inline-math 0 9488 9489 9488 9489)
(environment 2 9549 9565 9549 9565)
(brace 3 9549 9556 9549 9556)
(brace 9 9563 9565 9564 9565)
(environment 3 9595 9609 9595 9609)
(brace 4 9595 9600 9595 9600)
(brace 9 9607 9609 9608 9609)
(inline-math 0 9691 9692 9691 9692)
(inline-math 0 9697 9698 9697 9698)
(brace 8 9735 9737 9736 9737)
(brace 9 9741 9743 9742 9743)
(brace 8 9754 9756 9755 9756)
(brace 9 9764 9766 9765 9766)
(brace 8 9780 9782 9781 9782)
(brace 9 9792 9794 9793 9794)
(environment 2 9871 9886 9871 9886)
(brace 3 9871 9878 9871 9878)
(brace 9 9884 9886 9885 9886)
(inline-math 0 9909 9910 9909 9910)
(inline-math 0 9941 9942 9941 9942)
(inline-math 0 9958 9959 9958 9959)
(inline-math 0 9974 9975 9974 9975)
(inline-math 0 9995 9996 9995 9996)
(inline-math 0 9998 9999 9998 9999)
(environment 3 10000 10013 10000 10013)
(brace 4 10000 10005 10000 10005)
(brace 9 10011 10013 10012 10013)
(brace 8 10111 10113 10112 10113)
(brace 9 10119 10121 10120 10121)
(inline-math 0 10134 10135 10134 10135)
(inline-math 0 10163 10164 10163 10164)
(inline-math 0 10197 10198 10197 10198)
(inline-math 0 10223 10224 10223 10224)
(environment 2 10373 10390 10373 10390)
(brace 3 10373 10380 10373 10380)
(brace 9 10388 10390 10389 10390)
(brace 8 10404 10406 10405 10406)
(brace 9 10429 10431 10430 10431)
(environment 2 10433 10450 10433 10450)
(brace 3 10433 10441 10434 10441)
(brace 9 10448 10450 10449 10450)
(brace 8 10483 10485 10484 10485)
(brace 9 10500 10502 10501 10502)
(environment 3 10715 10730 10715 10730)
(brace 4 10715 10721 10716 10721)
(brace 9 10728 10730 10729 10730)
(inline-math 0 10746 10747 10746 10747)
(inline-math 0 10748 10749 10748 10749)
(inline-math 0 10750 10751 10750 10751)
(inline-math 0 10752 10753 10752 10753)
(inline-math 0 10758 10759 10758 10759)
(inline-math 0 10760 10761 10760 10761)
(brace 8 10830 10832 10831 10832)
(brace 9 10849 10851 10850 10851)
(brace 8 10868 10870 10869 10870)
(brace 9 10881 10883 10882 10883)
(environment 2 10905 10920 10905 10920)
(brace 3 10905 10912 10905 10912)
(brace 9 10918 10920 10919 10920)
(inline-math 0 10978 10979 10978 10979)
(inline-math 0 10980 10981 10980 10981)
(inline-math 0 11003 11004 11003 11004)
(inline-math 0 11029 11030 11029 11030)
(inline-math 0 11054 11055 11054 11055)
(inline-math 0 11082 11083 11082 11083)
(environment 3 11102 11115 11102 11115)
(brace 4 11102 11107 11102 11107)
(brace 9 11113 11115 11114 11115)
(brace 8 11122 11124 11123 11124)
(brace 9 11130 11132 11131 11132)
(environment 2 11136 11152 11136 11152)
(brace 3 11136 11143 11136 11143)
(brace 9 11150 11152 11151 11152)
(brace 8 11159 11161 11160 11161)
(brace 9 11170 11172 11171 11172)
(brace 8 11180 11182 11181 11182)
(brace 9 11186 11188 11187 11188)
(brace 8 11190 11192 11191 11192)
(brace 9 11199 11201 11200 11201)
(brace 8 11204 11206 11205 11206)
(brace 9 11215 11217 11216 11217)
(environment 3 11219 11233 11219 11233)
(brace 4 11219 11224 11219 11224)
(brace 9 11231 11233 11232 11233)
(brace 8 11269 11271 11270 11271)
(brace 9 11275 11277 11276 11277)
(inline-math 0 11303 11304 11303 11304)
(inline-math 0 11318 11319 11318 11319)
(brace 8 11331 11333 11332 11333)
(brace 9 11337 11339 11338 11339)
(inline-math 0 11343 11344 11343 11344)
(inline-math 0 11358 11359 11358 11359)
(brace 8 11374 11376 11375 11376)
(brace 9 11388 11390 11389 11390)
(environment 2 11392 11408 11392 11408)
(brace 3 11392 11399 11392 11399)
(brace 9 11406 11408 11407 11408)
(environment 3 11446 11460 11446 11460)
(brace 4 11446 11451 11446 11451)
(brace 9 11458 11460 11459 11460)
(brace 8 11468 11470 11469 11470)
(brace 9 11476 11478 11477 11478)
(brace 8 11517 11519 11518 11519)
(brace 9 11525 11527 11526 11527)
(inline-math 0 11583 11584 11583 11584)
(inline-math 0 11622 11623 11622 11623)
(brace 8 11631 11633 11632 11633)
(brace 9 11640 11642 11641 11642)
(environment 2 11644 11660 11644 11660)
(brace 3 11644 11651 11644 11651)
(brace 9 11658 11660 11659 11660)
(environment 3 11673 11687 11673 11687)
(brace 4 11673 11678 11673 11678)
(brace 9 11685 11687 11686 11687)
(brace 8 11694 11696 11695 11696)
(brace 9 11700 11702 11701 11702)
(inline-math 0 11723 11724 11723 11724)
(inline-math 0 11733 11734 11733 11734)
(brace 8 11750 11752 11751 11752)
(brace 9 11767 11769 11768 11769)
(environment 2 11772 11788 11772 11788)
(brace 3 11772 11779 11772 11779)
(brace 9 11786 11788 11787 11788)
(environment 3 11813 11827 11813 11827)
(brace 4 11813 11818 11813 11818)
(brace 9 11825 11827 11826 11827)
(brace 8 11835 11837 11836 11837)
(brace 9 11839 11841 11840 11841)
(brace 8 11898 11900 11899 11900)
(brace 9 11902 11904 11903 11904)
(brace 8 11913 11915 11914 11915)
(brace 9 11917 11919 11918 11919)
(brace 8 11930 11932 11931 11932)
(brace 9 11934 11936 11935 11936)
(inline-math 0 12065 12066 12065 12066)
(inline-math 0 12122 12123 12122 12123)
(brace 8 12133 12135 12134 12135)
(brace 9 12142 12144 12143 12144)
(environment 2 12146 12162 12146 12162)
(brace 3 12146 12153 12146 12153)
(brace 9 12160 12162 12161 12162)
(environment 3 12176 12190 12176 12190)
(brace 4 12176 12181 12176 12181)
(brace 9 12188 12190 12189 12190)
(brace 8 12197 12199 12198 12199)
(brace 9 12203 12205 12204 12205)
(inline-math 0 12232 12233 12232 12233)
(inline-math 0 12248 12249 12248 12249)
(brace 8 12264 12266 12265 12266)
(brace 9 12278 12280 12279 12280)
(environment 2 12281 12297 12281 12297)
(brace 3 12281 12288 12281 12288)
(brace 9 12295 12297 12296 12297)
(environment 3 12341 12355 12341 12355)
(brace 4 12341 12346 12341 12346)
(brace 9 12353 12355 12354 12355)
(brace 8 12363 12365 12364 12365)
(brace 9 12374 12376 12375 12376)
(inline-math 0 12378 12379 12378 12379)
(inline-math 0 12384 12385 12384 12385)
(brace 8 12393 12395 12394 12395)
(brace 9 12404 12406 12405 12406)
(brace 8 12421 12423 12422 12423)
(brace 9 12438 12440 12439 12440)
(environment 2 12464 12479 12464 12479)
(brace 3 12464 12471 12464 12471)
(brace 9 12477 12479 12478 12479)
(inline-math 0 12546 12547 12546 12547)
(inline-math 0 12548 12549 12548 12549)
(environment 2 12579 12595 12579 12595)
(brace 3 12579 12587 12580 12587)
(brace 9 12593 12595 12594 12595)
(inline-math 0 12636 12637 12636 12637)
(inline-math 0 12638 12639 12638 12639)
(inline-math 0 12733 12734 12733 12734)
(inline-math 0 12735 12736 12735 12736)
(environment 3 12770 12784 12770 12784)
(brace 4 12770 12776 12771 12776)
(brace 9 12782 12784 12783 12784)
(environment 3 12785 12798 12785 12798)
(brace 4 12785 12790 12785 12790)
(brace 9 12796 12798 12797 12798)
(brace 8 12885 12887 12886 12887)
(brace 8 12902 12904 12903 12904)
(brace 9 12952 12954 12953 12954)
(brace 9 12955 12957 12956 12957)
(environment 2 12959 12975 12959 12975)
(brace 3 12959 12966 12959 12966)
(brace 9 12973 12975 12974 12975)
(environment 3 12996 13010 12996 13010)
(brace 4 12996 13001 12996 13001)
(brace 9 13008 13010 13009 13010)
(brace 8 13018 13020 13019 13020)
(brace 9 13024 13026 13025 13026)
(inline-math 0 13051 13052 13051 13052)
(inline-math 0 13073 13074 13073 13074)
(brace 8 13090 13092 13091 13092)
(brace 9 13097 13099 13098 13099)
(environment 2 13102 13118 13102 13118)
(brace 3 13102 13109 13102 13109)
(brace 9 13116 13118 13117 13118)
(environment 3 13454 13468 13454 13468)
(brace 4 13454 13459 13454 13459)
(brace 9 13466 13468 13467 13468)
(brace 8 13485 13487 13486 13487)
(brace 9 13503 13505 13504 13505)
(brace 8 13602 13604 13603 13604)
(brace 9 13620 13622 13621 13622)
(brace 8 13655 13657 13656 13657)
(brace 9 13673 13675 13674 13675)
(inline-math 0 13697 13698 13697 13698)
(inline-math 0 13715 13716 13715 13716)
(brace 8 13728 13730 13729 13730)
(brace 9 13740 13742 13741 13742)
(brace 8 13758 13760 13759 13760)
(brace 9 13770 13772 13771 13772)
(inline-math 0 13867 13868 13867 13868)
(inline-math 0 13971 13972 13971 13972)
(brace 8 13980 13982 13981 13982)
(brace 9 13988 13990 13989 13990)
(environment 2 13991 14007 13991 14007)
(brace 3 13991 13998 13991 13998)
(brace 9 14005 14007 14006 14007)
(environment 3 14057 14071 14057 14071)
(brace 4 14057 14062 14057 14062)
(brace 9 14069 14071 14070 14071)
(brace 8 14088 14090 14089 14090)
(brace 9 14091 14093 14092 14093)
(inline-math 0 14114 14115 14114 14115)
(inline-math 0 14145 14146 14145 14146)
(environment 3 14148 14163 14148 14163)
(brace 4 14148 14153 14148 14153)
(brace 9 14161 14163 14162 14163)
(section 0 14165 14200 14177 14199)
(brace 8 14175 14177 14176 14177)
(brace 9 14198 14200 14199 14200)
(brace 8 14235 14237 14236 14237)
(inline-math 0 14235 14236 14235 14236)
(brace 9 14246 14248 14247 14248)
(inline-math 0 14248 14249 14248 14249)
(inline-math 0 14286 14287 14286 14287)
(inline-math 0 14297 14298 14297 14298)
(inline-math 0 14351 14352 14351 14352)
(inline-math 0 14389 14390 14389 14390)
(inline-math 0 14512 14513 14512 14513)
(inline-math 0 14527 14528 14527 14528)
(inline-math 0 14552 14553 14552 14553)
(inline-math 0 14555 14556 14555 14556)
(inline-math 0 14591 14592 14591 14592)
(inline-math 0 14598 14599 14598 14599)
(section 0 14616 14642 14628 14641)
(brace 8 14626 14628 14627 14628)
(brace 9 14640 14642 14641 14642)
(brace 8 14669 14671 14670 14671)
(inline-math 0 14669 14670 14669 14670)
(brace 9 14680 14682 14681 14682)
(inline-math 0 14682 14683 14682 14683)
(brace 8 14722 14724 14723 14724)
(brace 9 14728 14730 14729 14730)
(brace 8 14808 14810 14809 14810)
(brace 9 14952 14954 14953 14954)
(environment 0 15126 15142 15126 15142)
(brace 3 15126 15133 15126 15133)
(brace 9 15140 15142 15141 15142)
(brace 8 15190 15192 15191 15192)
(brace 9 15194 15196 15195 15196)
(brace 8 15209 15211 15210 15211)
(brace 9 15211 15213 15212 15213)
(environment 1 15214 15229 15214 15229)
(brace 4 15214 15220 15215 15220)
(brace 9 15227 15229 15228 15229)
(inline-math 0 15236 15237 15236 15237)
(inline-math 0 15238 15239 15238 15239)
(brace 8 15428 15430 15429 15430)
(brace 9 15451 15453 15452 15453)
(environment 2 15456 15474 15456 15474)
(brace 3 15456 15463 15456 15463)
(brace 9 15472 15474 15473 15474)
(brace 8 15535 15537 15536 15537)
(inline-math 0 15535 15536 15535 15536)
(brace 9 15546 15548 15547 15548)
(inline-math 0 15548 15549 15548 15549)
(inline-math 0 15667 15668 15667 15668)
(inline-math 0 15673 15674 15673 15674)
(brace 8 15681 15683 15682 15683)
(brace 9 15685 15687 15686 15687)
(inline-math 0 15688 15689 15688 15689)
(inline-math 0 15694 15695 15694 15695)
(brace 8 15709 15711 15710 15711)
(brace 9 15713 15715 15714 15715)
(inline-math 0 15716 15717 15716 15717)
(inline-math 0 15738 15739 15738 15739)
(environment 3 15818 15834 15818 15834)
(brace 4 15818 15823 15818 15823)
(brace 9 15832 15834 15833 15834)
(environment 2 15835 15850 15835 15850)
(brace 3 15835 15842 15835 15842)
(brace 9 15848 15850 15849 15850)
(brace 8 15853 15855 15854 15855)
(brace 8 15880 15882 15881 15882)
(inline-math 0 15880 15881 15880 15881)
(brace 9 15891 15893 15892 15893)
(inline-math 0 15893 15894 15893 15894)
(environment 2 15904 15920 15904 15920)
(brace 3 15904 15911 15904 15911)
(brace 9 15918 15920 15919 15920)
(brace 8 15929 15931 15930 15931)
(brace 9 15936 15938 15937 15938)
(brace 8 15990 15992 15991 15992)
(brace 9 16005 16007 16006 16007)
(environment 3 16014 16028 16014 16028)
(brace 4 16014 16019 16014 16019)
(brace 9 16026 16028 16027 16028)
(brace 9 16065 16066 16065 16066)
(environment 3 16069 16082 16069 16082)
(brace 4 16069 16074 16069 16074)
(brace 9 16080 16082 16081 16082)
(section 0 16086 16107 16095 16106)
(brace 8 16093 16095 16094 16095)
(brace 9 16105 16107 16106 16107)
(inline-math 0 16143 16144 16143 16144)
(inline-math 0 16145 16146 16145 16146)
(brace 8 16152 16154 16153 16154)
(brace 9 16167 16169 16168 16169)
(brace 8 16175 16177 16176 16177)
(inline-math 0 16175 16176 16175 16176)
(brace 9 16186 16188 16187 16188)
(inline-math 0 16188 16189 16188 16189)
(inline-math 0 16199 16200 16199 16200)
(inline-math 0 16203 16204 16203 16204)
(inline-math 0 16232 16233 16232 16233)
(inline-math 0 16234 16235 16234 16235)
(brace 8 16343 16345 16344 16345)
(inline-math 0 16343 16344 16343 16344)
(brace 9 16354 16356 16355 16356)
(inline-math 0 16356 16357 16356 16357)
(inline-math 0 16410 16411 16410 16411)
(inline-math 0 16420 16421 16420 16421)
(inline-math 0 16490 16491 16490 16491)
(inline-math 0 16492 16493 16492 16493)
(inline-math 0 16507 16508 16507 16508)
(inline-math 0 16514 16515 16514 16515)
(inline-math 0 16519 16520 16519 16520)
(inline-math 0 16530 16531 16530 16531)
(inline-math 0 16533 16534 16533 16534)
(inline-math 0 16540 16541 16540 16541)
(inline-math 0 16583 16584 16583 16584)
(inline-math 0 16585 16586 16585 16586)
(inline-math 0 16606 16607 16606 16607)
(inline-math 0 16646 16647 16646 16647)
(comment 0 16655 16656 16655 16656)
(inline-math 0 16705 16706 16705 16706)
(inline-math 0 16710 16711 16710 16711)
(inline-math 0 16739 16740 16739 16740)
(inline-math 0 16741 16742 16741 16742)
(inline-math 0 16758 16759 16758 16759)
(inline-math 0 16762 16763 16762 16763)
(environment 2 16775 16792 16775 16792)
(brace 3 16775 16782 16775 16782)
(brace 9 16790 16792 16791 16792)
(inline-math 0 16799 16800 16799 16800)
(inline-math 0 16816 16817 16816 16817)
(inline-math 0 16873 16874 16873 16874)
(inline-math 0 16877 16878 16877 16878)
(inline-math 0 16968 16969 16968 16969)
(inline-math 0 16970 16971 16970 16971)
(environment 3 16972 16987 16972 16987)
(brace 4 16972 16977 16972 16977)
(brace 9 16985 16987 16986 16987)
(brace 8 17000 17002 17001 17002)
(brace 9 17022 17024 17023 17024)
(inline-math 0 17028 17029 17028 17029)
(inline-math 0 17032 17033 17032 17033)
(inline-math 0 17064 17065 17064 17065)
(inline-math 0 17066 17067 17066 17067)
(brace 8 17073 17075 17074 17075)
(brace 9 17088 17090 17089 17090)
(brace 8 17096 17098 17097 17098)
(inline-math 0 17096 17097 17096 17097)
(brace 9 17107 17109 17108 17109)
(inline-math 0 17109 17110 17109 17110)
(inline-math 0 17120 17121 17120 17121)
(inline-math 0 17124 17125 17124 17125)
(inline-math 0 17129 17130 17129 17130)
(inline-math 0 17131 17132 17131 17132)
(inline-math 0 17153 17154 17153 17154)
(inline-math 0 17170 17171 17170 17171)
(inline-math 0 17179 17180 17179 17180)
(inline-math 0 17181 17182 17181 17182)
(inline-math 0 17214 17215 17214 17215)
(inline-math 0 17218 17219 17218 17219)
(inline-math 0 17248 17249 17248 17249)
(inline-math 0 17250 17251 17250 17251)
(inline-math 0 17255 17256 17255 17256)
(inline-math 0 17259 17260 17259 17260)
(brace 8 17273 17275 17274 17275)
(brace 9 17281 17283 17282 17283)
(environment 2 17284 17300 17284 17300)
(brace 3 17284 17291 17284 17291)
(brace 9 17298 17300 17299 17300)
(brace 8 17310 17312 17311 17312)
(brace 9 17312 17314 17313 17314)
(comment 0 17317 17318 17317 17318)
(comment 0 17363 17364 17363 17364)
(comment 0 17414 17415 17414 17415)
(comment 0 17497 17498 17497 17498)
(environment 3 17519 17533 17519 17533)
(brace 4 17519 17524 17519 17524)
(brace 9 17531 17533 17532 17533)
(environment 2 17546 17562 17546 17562)
(brace 3 17546 17553 17546 17553)
(brace 9 17560 17562 17561 17562)
(inline-math 0 17581 17582 17581 17582)
(brace 8 17698 17700 17699 17700)
(brace 9 17721 17723 17722 17723)
(environment 3 17755 17769 17755 17769)
(brace 4 17755 17760 17755 17760)
(brace 9 17767 17769 17768 17769)
(inline-math 0 17794 17795 17794 17795)
(inline-math 0 17804 17805 17804 17805)
(section 0 17902 17924 17911 17923)
(brace 8 17909 17911 17910 17911)
(brace 9 17922 17924 17923 17924)
(section 0 18072 18096 18084 18095)
(brace 8 18082 18084 18083 18084)
(brace 9 18094 18096 18095 18096)
(brace 8 18252 18254 18253 18254)
(inline-math 0 18252 18253 18252 18253)
(brace 9 18263 18265 18264 18265)
(inline-math 0 18265 18266 18265 18266)
(section 0 18276 18314 18291 18313)
(brace 8 18289 18291 18290 18291)
(brace 9 18312 18314 18313 18314)
(environment 2 18315 18332 18315 18332)
(brace 3 18315 18322 18315 18322)
(brace 9 18330 18332 18331 18332)
(brace 1 18390 18396 18391 18396)
(brace 9 18397 18399 18398 18399)
(brace 8 18443 18445 18444 18445)
(brace 9 18452 18454 18453 18454)
(environment 2 18455 18471 18455 18471)
(brace 3 18455 18462 18455 18462)
(brace 9 18469 18471 18470 18471)
(brace 8 18482 18484 18483 18484)
(brace 9 18484 18486 18485 18486)
(environment 3 18500 18514 18500 18514)
(brace 4 18500 18505 18500 18505)
(brace 9 18512 18514 18513 18514)
(brace 8 18580 18582 18581 18582)
(brace 9 18589 18591 18590 18591)
(environment 2 18592 18608 18592 18608)
(brace 3 18592 18599 18592 18599)
(brace 9 18606 18608 18607 18608)
(brace 8 18619 18621 18620 18621)
(brace 9 18621 18623 18622 18623)
(brace 8 18628 18630 18629 18630)
(brace 9 18630 18632 18631 18632)
(environment 3 18634 18648 18634 18648)
(brace 4 18634 18639 18634 18639)
(brace 9 18646 18648 18647 18648)
(brace 1 18714 18720 18715 18720)
(brace 9 18721 18723 18722 18723)
(brace 8 18796 18798 18797 18798)
(brace 9 18804 18806 18805 18806)
(environment 2 18807 18823 18807 18823)
(brace 3 18807 18814 18807 18814)
(brace 9 18821 18823 18822 18823)
(environment 3 18845 18859 18845 18859)
(brace 4 18845 18850 18845 18850)
(brace 9 18857 18859 18858 18859)
(inline-math 0 18886 18887 18886 18887)
(inline-math 0 18893 18894 18893 18894)
(brace 1 18920 18926 18921 18926)
(brace 9 18927 18929 18928 18929)
(brace 8 18961 18963 18962 18963)
(brace 9 18970 18972 18971 18972)
(environment 2 18973 18989 18973 18989)
(brace 3 18973 18980 18973 18980)
(brace 9 18987 18989 18988 18989)
(environment 3 19012 19026 19012 19026)
(brace 4 19012 19017 19012 19017)
(brace 9 19024 19026 19025 19026)
(brace 1 19074 19080 19075 19080)
(brace 9 19081 19083 19082 19083)
(inline-math 0 19085 19086 19085 19086)
(inline-math 0 19092 19093 19092 19093)
(environment 2 19128 19144 19128 19144)
(brace 3 19128 19135 19128 19135)
(brace 9 19142 19144 19143 19144)
(environment 3 19178 19192 19178 19192)
(brace 4 19178 19183 19178 19183)
(brace 9 19190 19192 19191 19192)
(inline-math 0 19223 19224 19223 19224)
(inline-math 0 19232 19233 19232 19233)
(brace 1 19259 19265 19260 19265)
(brace 9 19266 19268 19267 19268)
(brace 8 19358 19360 19359 19360)
(brace 9 19367 19369 19368 19369)
(environment 2 19370 19386 19370 19386)
(brace 3 19370 19377 19370 19377)
(brace 9 19384 19386 19385 19386)
(environment 3 19406 19420 19406 19420)
(brace 4 19406 19411 19406 19411)
(brace 9 19418 19420 19419 19420)
(brace 1 19468 19474 19469 19474)
(brace 9 19475 19477 19476 19477)
(brace 8 19513 19515 19514 19515)
(brace 9 19522 19524 19523 19524)
(environment 2 19525 19541 19525 19541)
(brace 3 19525 19532 19525 19532)
(brace 9 19539 19541 19540 19541)
(brace 8 19552 19554 19553 19554)
(brace 9 19557 19559 19558 19559)
(environment 3 19575 19589 19575 19589)
(brace 4 19575 19580 19575 19580)
(brace 9 19587 19589 19588 19589)
(brace 1 19642 19648 19643 19648)
(brace 9 19649 19651 19650 19651)
(brace 8 19688 19690 19689 19690)
(brace 9 19697 19699 19698 19699)
(environment 2 19700 19716 19700 19716)
(brace 3 19700 19707 19700 19707)
(brace 9 19714 19716 19715 19716)
(environment 3 19748 19762 19748 19762)
(brace 4 19748 19753 19748 19753)
(brace 9 19760 19762 19761 19762)
(brace 1 19818 19824 19819 19824)
(brace 9 19825 19827 19826 19827)
(inline-math 0 19864 19865 19864 19865)
(inline-math 0 19878 19879 19878 19879)
(brace 8 19938 19940 19939 19940)
(brace 9 19947 19949 19948 19949)
(environment 2 19950 19966 19950 19966)
(brace 3 19950 19957 19950 19957)
(brace 9 19964 19966 19965 19966)
(brace 8 19969 19971 19970 19971)
(brace 9 19973 19975 19974 19975)
(environment 3 20013 20027 20013 20027)
(brace 4 20013 20018 20013 20018)
(brace 9 20025 20027 20026 20027)
(brace 1 20114 20120 20115 20120)
(brace 9 20121 20123 20122 20123)
(brace 8 20133 20135 20134 20135)
(brace 9 20142 20144 20143 20144)
(environment 2 20146 20162 20146 20162)
(brace 3 20146 20153 20146 20153)
(brace 9 20160 20162 20161 20162)
(brace 8 20174 20176 20175 20176)
(brace 9 20176 20178 20177 20178)
(environment 3 20209 20223 20209 20223)
(brace 4 20209 20214 20209 20214)
(brace 9 20221 20223 20222 20223)
(brace 8 20288 20290 20289 20290)
(brace 9 20296 20298 20297 20298)
(environment 2 20299 20315 20299 20315)
(brace 3 20299 20306 20299 20306)
(brace 9 20313 20315 20314 20315)
(brace 8 20327 20329 20328 20329)
(brace 9 20333 20335 20334 20335)
(brace 8 20343 20345 20344 20345)
(brace 9 20349 20351 20350 20351)
(environment 3 20353 20367 20353 20367)
(brace 4 20353 20358 20353 20358)
(brace 9 20365 20367 20366 20367)
(environment 3 20368 20383 20368 20383)
(brace 4 20368 20373 20368 20373)
(brace 9 20381 20383 20382 20383)
(section 0 20384 20429 20399 20428)
(brace 8 20397 20399 20398 20399)
(brace 9 20427 20429 20428 20429)
(environment 2 20431 20448 20431 20448)
(brace 3 20431 20438 20431 20438)
(brace 9 20446 20448 20447 20448)
(brace 8 20519 20521 20520 20521)
(brace 9 20528 20530 20529 20530)
(environment 2 20531 20547 20531 20547)
(brace 3 20531 20538 20531 20538)
(brace 9 20545 20547 20546 20547)
(brace 8 20558 20560 20559 20560)
(brace 9 20560 20562 20561 20562)
(environment 3 20595 20609 20595 20609)
(brace 4 20595 20600 20595 20600)
(brace 9 20607 20609 20608 20609)
(brace 8 20674 20676 20675 20676)
(brace 9 20683 20685 20684 20685)
(environment 2 20686 20702 20686 20702)
(brace 3 20686 20693 20686 20693)
(brace 9 20700 20702 20701 20702)
(brace 8 20713 20715 20714 20715)
(brace 9 20715 20717 20716 20717)
(environment 3 20740 20754 20740 20754)
(brace 4 20740 20745 20740 20745)
(brace 9 20752 20754 20753 20754)
(environment 3 20755 20770 20755 20770)
(brace 4 20755 20760 20755 20760)
(brace 9 20768 20770 20769 20770)
(section 0 20771 20807 20786 20806)
(brace 8 20784 20786 20785 20786)
(brace 9 20805 20807 20806 20807)
(inline-math 0 20863 20864 20863 20864)
(inline-math 0 20880 20881 20880 20881)
(inline-math 0 20921 20922 20921 20922)
(inline-math 0 20925 20926 20925 20926)
(brace 2 21005 21012 21006 21012)
(brace 9 21016 21018 21017 21018)
(inline-math 0 21082 21083 21082 21083)
(inline-math 0 21086 21087 21086 21087)
(section 0 21089 21115 21101 21114)
(brace 8 21099 21101 21100 21101)
(brace 9 21113 21115 21114 21115)
(label 0 21114 21136 21122 21135)
(brace label 21114 21122 21115 21122)
(brace 9 21134 21136 21135 21136)
(brace 8 21174 21176 21175 21176)
(inline-math 0 21174 21175 21174 21175)
(brace 9 21185 21187 21186 21187)
(inline-math 0 21187 21188 21187 21188)
(brace 8 21299 21301 21300 21301)
(inline-math 0 21299 21300 21299 21300)
(brace 9 21310 21312 21311 21312)
(inline-math 0 21312 21313 21312 21313)
(environment 2 21358 21373 21358 21373)
(brace 3 21358 21365 21358 21365)
(brace 9 21371 21373 21372 21373)
(brace 8 21386 21388 21387 21388)
(brace 9 21392 21394 21393 21394)
(brace 2 21457 21464 21458 21464)
(brace 9 21468 21470 21469 21470)
(brace 8 21485 21487 21486 21487)
(brace 9 21491 21493 21492 21493)
(environment 3 21536 21549 21536 21549)
(brace 4 21536 21541 21536 21541)
(brace 9 21547 21549 21548 21549)
(section 0 21848 21890 21863 21889)
(brace 8 21861 21863 21862 21863)
(brace 9 21888 21890 21889 21890)
(label 0 21890 21916 21898 21915)
(brace label 21890 21898 21891 21898)
(brace 9 21914 21916 21915 21916)
(brace 8 21934 21936 21935 21936)
(brace 9 21940 21942 21941 21942)
(brace 8 22069 22071 22070 22071)
(inline-math 0 22069 22070 22069 22070)
(brace 9 22080 22082 22081 22082)
(inline-math 0 22082 22083 22082 22083)
(environment 2 22100 22116 22100 22116)
(brace 3 22100 22107 22100 22107)
(brace 9 22114 22116 22115 22116)
(brace 8 22126 22128 22127 22128)
(brace 9 22128 22130 22129 22130)
(brace 8 22147 22149 22148 22149)
(brace 9 22149 22151 22150 22151)
(environment 3 22203 22217 22203 22217)
(brace 4 22203 22208 22203 22208)
(brace 9 22215 22217 22216 22217)
(environment 2 22341 22357 22341 22357)
(brace 3 22341 22348 22341 22348)
(brace 9 22355 22357 22356 22357)
(inline-math 0 22376 22377 22376 22377)
(brace 8 22552 22553 22552 22553)
(brace 9 22601 22603 22602 22603)
(environment 3 22604 22618 22604 22618)
(brace 4 22604 22609 22604 22609)
(brace 9 22616 22618 22617 22618)
(brace 8 22635 22637 22636 22637)
(brace 9 22684 22686 22685 22686)
(brace 8 22785 22787 22786 22787)
(brace 9 22791 22793 22792 22793)
(brace 8 22807 22809 22808 22809)
(inline-math 0 22807 22808 22807 22808)
(brace 9 22818 22820 22819 22820)
(inline-math 0 22820 22821 22820 22821)
(environment 2 22860 22876 22860 22876)
(brace 3 22860 22867 22860 22867)
(brace 9 22874 22876 22875 22876)
(environment 3 22906 22920 22906 22920)
(brace 4 22906 22911 22906 22911)
(brace 9 22918 22920 22919 22920)
(brace 8 22972 22974 22973 22974)
(brace 9 23033 23035 23034 23035)
(environment 2 23041 23057 23041 23057)
(brace 3 23041 23048 23041 23048)
(brace 9 23055 23057 23056 23057)
(environment 3 23098 23112 23098 23112)
(brace 4 23098 23103 23098 23103)
(brace 9 23110 23112 23111 23112)
(section 0 23159 23215 23174 23214)
(brace 8 23172 23174 23173 23174)
(brace 9 23213 23215 23214 23215)
(label 0 23214 23240 23222 23239)
(brace label 23214 23222 23215 23222)
(brace 9 23238 23240 23239 23240)
(brace 8 23259 23261 23260 23261)
(brace 9 23265 23267 23266 23267)
(brace 2 23371 23378 23372 23378)
(brace 9 23382 23384 23383 23384)
(brace 8 23409 23411 23410 23411)
(inline-math 0 23409 23410 23409 23410)
(brace 9 23420 23422 23421 23422)
(inline-math 0 23422 23423 23422 23423)
(environment 2 23434 23450 23434 23450)
(brace 3 23434 23441 23434 23441)
(brace 9 23448 23450 23449 23450)
(environment 3 23539 23553 23539 23553)
(brace 4 23539 23544 23539 23544)
(brace 9 23551 23553 23552 23553)
(environment 2 23677 23693 23677 23693)
(brace 3 23677 23684 23677 23684)
(brace 9 23691 23693 23692 23693)
(inline-math 0 23712 23713 23712 23713)
(comment 0 23816 23817 23816 23817)
(brace 9 23948 23950 23949 23950)
(brace 8 23948 23949 23948 23949)
(environment 3 23951 23965 23951 23965)
(brace 4 23951 23956 23951 23956)
(brace 9 23963 23965 23964 23965)
(environment 0 23984 24001 23984 24001)
(brace 3 23984 23991 23984 23991)
(brace 9 23999 24001 24000 24001)
(brace 8 24008 24010 24009 24010)
(brace 9 24074 24076 24075 24076)
(environment 1 24078 24093 24078 24093)
(brace 4 24078 24083 24078 24083)
(brace 9 24091 24093 24092 24093)
(section 0 24139 24161 24148 24160)
(brace 8 24146 24148 24147 24148)
(brace 8 24148 24150 24149 24150)
(inline-math 0 24148 24149 24148 24149)
(brace 9 24159 24161 24160 24161)
(inline-math 0 24161 24162 24161 24162)
(brace 9 24172 24174 24173 24174)
(brace 8 24185 24187 24186 24187)
(inline-math 0 24185 24186 24185 24186)
(brace 9 24196 24198 24197 24198)
(inline-math 0 24198 24199 24198 24199)
(brace 8 24304 24306 24305 24306)
(brace 9 24364 24366 24365 24366)
(brace 8 24421 24423 24422 24423)
(inline-math 0 24421 24422 24421 24422)
(brace 9 24432 24434 24433 24434)
(inline-math 0 24434 24435 24434 24435)
(brace 1 24452 24458 24453 24458)
(brace 9 24473 24475 24474 24475)
(environment 2 24478 24492 24478 24492)
(brace 3 24478 24485 24478 24485)
(brace 9 24490 24492 24491 24492)
(brace graphicx 24507 24545 24507 24545)
(brace 9 24554 24556 24555 24556)
(brace 8 24564 24566 24565 24566)
(brace 8 24577 24579 24578 24579)
(inline-math 0 24577 24578 24577 24578)
(brace 9 24588 24590 24589 24590)
(inline-math 0 24590 24591 24590 24591)
(brace 9 24597 24599 24598 24599)
(label 0 24600 24624 24607 24623)
(brace label 24600 24607 24600 24607)
(brace 9 24622 24624 24623 24624)
(environment 3 24625 24637 24625 24637)
(brace 4 24625 24630 24625 24630)
(brace 9 24635 24637 24636 24637)
(brace 1 24723 24729 24724 24729)
(brace 9 24742 24744 24743 24744)
(environment 2 24818 24832 24818 24832)
(brace 3 24818 24825 24818 24825)
(brace 9 24830 24832 24831 24832)
(brace graphicx 24847 24885 24847 24885)
(brace 9 24898 24900 24899 24900)
(brace 8 24908 24910 24909 24910)
(brace 8 24919 24921 24920 24921)
(inline-math 0 24919 24920 24919 24920)
(brace 9 24930 24932 24931 24932)
(inline-math 0 24932 24933 24932 24933)
(brace 9 24944 24946 24945 24946)
(label 0 24947 24969 24954 24968)
(brace label 24947 24954 24947 24954)
(brace 9 24967 24969 24968 24969)
(environment 3 24970 24982 24970 24982)
(brace 4 24970 24975 24970 24975)
(brace 9 24980 24982 24981 24982)
(brace 8 24995 24997 24996 24997)
(brace 9 25001 25003 25002 25003)
(brace 7 25004 25023 25004 25023)
(brace 9 25027 25029 25028 25029)
(environment 3 25030 25044 25030 25044)
(brace 4 25030 25035 25030 25035)
(brace 9 25042 25044 25043 25044)
